function [points, labels] = gettrainingdata(n)
points(1,:) = [0.7728    0.8412    0.9261    0.7314    0.5906    0.4486    0.2011...
  0.3420    0.2436    0.9560    0.1241    0.1291    0.2017    0.7405...
  0.4688    0.1251    0.1594    0.0346    0.4221    0.4700    0.0332...
  0.8526    0.6648    0.6859    0.0880];

points(2,:) = [0.7783    0.5140    0.4454    0.5867    0.0420    0.6593    0.6783...
      0.0118    0.5405    0.8351    0.5974    0.8158    0.6779    0.2722...
      0.4371    0.0358    0.1679    0.1500    0.0766    0.1543    0.6487...
      0.3434    0.6329    0.8915    0.1969];
labels(1,:) = [1     0     0     0     1     0     1     0     1     1     0     1 ...
       1     0     0     0     1     0     0     1     1     1     1     0     1];
labels(2,:) = [0     1     1     1     0     1     0     1     0     0     1     0 ...
           0     1     1     1     0     1     1     0     0     0     0     1    0];
       
points = points(:,1:n);
labels = labels(:,1:n);

